200
-5.11000000
-4.78000000
-4.58000000
-4.38000000
-4.18000000
-3.98000000
-3.78000000
-3.58000000
-3.38000000
-3.18000000
-2.98000000
-2.78000000
-2.58000000
-2.38000000
-2.18000000
-1.98000000
-1.78000000
-1.58000000
-1.38000000
-1.18000000
-0.98000000
-0.78000000
-0.58000000
-0.38000000
-0.18000000
0.02000000
0.22000000
0.42000000
0.62000000
0.82000000
1.02000000
1.22000000
1.42000000
1.62000000
1.82000000
2.02000000
2.22000000
2.42000000
2.62000000
2.82000000
3.02000000
3.22000000
3.42000000
3.62000000
3.82000000
4.02000000
4.22000000
4.42000000
4.62000000
4.82000000
5.02000000
5.22000000
5.42000000
5.62000000
5.82000000
6.02000000
6.22000000
6.42000000
6.62000000
6.82000000
7.02000000
7.22000000
7.42000000
7.62000000
7.82000000
8.02000000
8.22000000
8.42000000
8.62000000
8.82000000
9.02000000
9.22000000
9.42000000
9.62000000
9.82000000
10.02000000
10.22000000
10.42000000
10.62000000
10.82000000
11.02000000
11.22000000
11.42000000
11.62000000
11.82000000
12.02000000
12.22000000
12.42000000
12.62000000
12.82000000
13.02000000
13.22000000
13.42000000
13.62000000
13.82000000
14.02000000
14.22000000
14.42000000
14.62000000
14.82000000
15.02000000
15.22000000
15.42000000
15.62000000
15.82000000
16.02000000
16.22000000
16.42000000
16.62000000
16.82000000
17.02000000
17.22000000
17.42000000
17.62000000
17.82000000
18.02000000
18.22000000
18.42000000
18.62000000
18.82000000
19.02000000
19.22000000
19.42000000
19.62000000
19.82000000
20.02000000
20.22000000
20.42000000
20.62000000
20.82000000
21.02000000
21.22000000
21.42000000
21.62000000
21.82000000
22.02000000
22.22000000
22.42000000
22.62000000
22.82000000
23.02000000
23.22000000
23.42000000
23.62000000
23.82000000
24.02000000
24.22000000
24.42000000
24.62000000
24.82000000
25.02000000
25.22000000
25.42000000
25.62000000
25.82000000
26.02000000
26.22000000
26.42000000
26.62000000
26.82000000
27.02000000
27.22000000
27.42000000
27.62000000
27.82000000
28.02000000
28.22000000
28.42000000
28.62000000
28.82000000
29.02000000
29.22000000
29.42000000
29.62000000
29.82000000
30.02000000
30.22000000
30.42000000
30.62000000
30.82000000
31.02000000
31.22000000
31.42000000
31.62000000
31.82000000
32.02000000
32.22000000
32.42000000
32.62000000
32.82000000
33.02000000
33.22000000
33.42000000
33.62000000
33.82000000
34.02000000
34.22000000
34.42000000
34.62000000
34.82000000
