200
-305.12063000
-268.20782000
-246.98122000
-226.61862000
-207.12002000
-188.48542000
-170.71482000
-153.80822000
-137.76562000
-122.58702000
-108.27242000
-94.82182000
-82.23522000
-70.51262000
-59.65402000
-49.65942000
-40.52882000
-32.26222000
-24.85962000
-18.32102000
-12.64642000
-7.83582000
-3.88922000
-0.80662000
1.41198000
2.76658000
3.25718000
2.88378000
1.64638000
-0.45502000
-3.42042000
-7.24982000
-11.94322000
-17.50062000
-23.92202000
-31.20742000
-39.35682000
-48.37022000
-58.24762000
-68.98902000
-80.59442000
-93.06382000
-106.39722000
-120.59462000
-135.65602000
-151.58142000
-168.37082000
-186.02422000
-204.54162000
-223.92302000
-244.16842000
-265.27782000
-287.25122000
-310.08862000
-333.79002000
-358.35542000
-383.78482000
-410.07822000
-437.23562000
-465.25702000
-494.14242000
-523.89182000
-554.50522000
-585.98262000
-618.32402000
-651.52942000
-685.59882000
-720.53222000
-756.32962000
-792.99102000
-830.51642000
-868.90582000
-908.15922000
-948.27662000
-989.25802000
-1031.10342000
-1073.81282000
-1117.38622000
-1161.82362000
-1207.12502000
-1253.29042000
-1300.31982000
-1348.21322000
-1396.97062000
-1446.59202000
-1497.07742000
-1548.42682000
-1600.64022000
-1653.71762000
-1707.65902000
-1762.46442000
-1818.13382000
-1874.66722000
-1932.06462000
-1990.32602000
-2049.45142000
-2109.44082000
-2170.29422000
-2232.01162000
-2294.59302000
-2358.03842000
-2422.34782000
-2487.52122000
-2553.55862000
-2620.46002000
-2688.22542000
-2756.85482000
-2826.34822000
-2896.70562000
-2967.92702000
-3040.01242000
-3112.96182000
-3186.77522000
-3261.45262000
-3336.99402000
-3413.39942000
-3490.66882000
-3568.80222000
-3647.79962000
-3727.66102000
-3808.38642000
-3889.97582000
-3972.42922000
-4055.74662000
-4139.92802000
-4224.97342000
-4310.88282000
-4397.65622000
-4485.29362000
-4573.79502000
-4663.16042000
-4753.38982000
-4844.48322000
-4936.44062000
-5029.26202000
-5122.94742000
-5217.49682000
-5312.91022000
-5409.18762000
-5506.32902000
-5604.33442000
-5703.20382000
-5802.93722000
-5903.53462000
-6004.99602000
-6107.32142000
-6210.51082000
-6314.56422000
-6419.48162000
-6525.26302000
-6631.90842000
-6739.41782000
-6847.79122000
-6957.02862000
-7067.13002000
-7178.09542000
-7289.92482000
-7402.61822000
-7516.17562000
-7630.59702000
-7745.88242000
-7862.03182000
-7979.04522000
-8096.92262000
-8215.66402000
-8335.26942000
-8455.73882000
-8577.07222000
-8699.26962000
-8822.33102000
-8946.25642000
-9071.04582000
-9196.69922000
-9323.21662000
-9450.59802000
-9578.84342000
-9707.95282000
-9837.92622000
-9968.76362000
-10100.46502000
-10233.03042000
-10366.45982000
-10500.75322000
-10635.91062000
-10771.93202000
-10908.81742000
-11046.56682000
-11185.18022000
-11324.65762000
-11464.99902000
-11606.20442000
-11748.27382000
-11891.20722000
-12035.00462000
-12179.66602000
-12325.19142000
-12471.58082000
-12618.83422000
-12766.95162000
-12915.93302000
